 ********** Coordinates of the control points ************
 No=   0 X=    0.00 Y=    0.00
 No=  10 X=    0.05 Y=    0.00
 No=  20 X=    0.10 Y=    0.00
 No=   2 X=    0.00 Y=    0.05
 No=  12 X=    0.05 Y=    0.05
 No=  22 X=    0.10 Y=    0.05
 No=   4 X=    0.00 Y=    0.10
 No=  14 X=    0.05 Y=    0.10
 No=  24 X=    0.10 Y=    0.10
 **********************************************************
 mTau   1200.0  1200.0  1200.0  1200.0  1200.0  1200.0  1200.0  1200.0  1200.0
 mTau   1164.7  1195.2  1211.5  1195.2  1202.7  1195.2  1211.5  1195.2  1164.7
 mTau   1132.2  1190.4  1221.6  1190.4  1205.3  1190.4  1221.6  1190.4  1132.2
 mTau   1102.2  1185.6  1230.2  1185.6  1207.7  1185.6  1230.2  1185.6  1102.2
 mTau   1074.3  1180.8  1237.6  1180.8  1209.9  1180.8  1237.6  1180.8  1074.3
 mTau   1048.5  1176.0  1244.0  1176.0  1211.9  1176.0  1244.0  1176.0  1048.5
 mTau   1024.4  1171.3  1249.3  1171.3  1213.8  1171.3  1249.3  1171.3  1024.4
 mTau   1001.9  1166.5  1253.7  1166.5  1215.5  1166.5  1253.7  1166.5  1001.9
 mTau    980.9  1161.7  1257.3  1161.7  1217.1  1161.7  1257.3  1161.7   980.9
 mTau    961.3  1156.8  1260.2  1156.8  1218.5  1156.8  1260.2  1156.8   961.3
 mTau    942.8  1152.0  1262.4  1152.0  1219.8  1152.0  1262.4  1152.0   942.8
 mTau    925.4  1147.2  1264.0  1147.2  1220.9  1147.2  1264.0  1147.2   925.4
 mTau    909.0  1142.4  1265.1  1142.4  1221.9  1142.4  1265.1  1142.4   909.0
 mTau    893.5  1137.6  1265.7  1137.6  1222.8  1137.6  1265.7  1137.6   893.5
 mTau    878.8  1132.8  1265.9  1132.8  1223.5  1132.8  1265.9  1132.8   878.8
 mTau    864.9  1128.0  1265.7  1128.0  1224.1  1128.0  1265.7  1128.0   864.9
 mTau    851.6  1123.2  1265.1  1123.2  1224.6  1123.2  1265.1  1123.2   851.6
 mTau    839.1  1118.4  1264.2  1118.4  1224.9  1118.4  1264.2  1118.4   839.1
 mTau    827.1  1113.7  1263.0  1113.7  1225.1  1113.7  1263.0  1113.7   827.1
 mTau    815.6  1108.9  1261.6  1108.9  1225.2  1108.9  1261.6  1108.9   815.6
 mTau    804.7  1104.2  1260.0  1104.2  1225.2  1104.2  1260.0  1104.2   804.7
 mTau    794.2  1099.5  1258.1  1099.5  1225.1  1099.5  1258.1  1099.5   794.2
 mTau    784.2  1094.8  1256.1  1094.8  1224.8  1094.8  1256.1  1094.8   784.2
 mTau    774.6  1090.1  1253.9  1090.1  1224.5  1090.1  1253.9  1090.1   774.6
 mTau    765.3  1085.5  1251.6  1085.5  1224.0  1085.5  1251.6  1085.5   765.3
 mTau    756.4  1080.9  1249.1  1080.9  1223.5  1080.9  1249.1  1080.9   756.4
 mTau    747.8  1076.3  1246.5  1076.3  1222.8  1076.3  1246.5  1076.3   747.8
 mTau    739.6  1071.7  1243.8  1071.7  1222.0  1071.7  1243.8  1071.7   739.6
 mTau    731.6  1067.1  1241.0  1067.1  1221.2  1067.1  1241.0  1067.1   731.6
 mTau    723.9  1062.6  1238.2  1062.6  1220.2  1062.6  1238.2  1062.6   723.9
 mTau    716.4  1058.1  1235.2  1058.1  1219.2  1058.1  1235.2  1058.1   716.4
 mTau    709.2  1053.7  1232.2  1053.7  1218.1  1053.7  1232.2  1053.7   709.2
 mTau    702.2  1049.2  1229.2  1049.2  1216.9  1049.2  1229.2  1049.2   702.2
 mTau    695.4  1044.8  1226.1  1044.8  1215.6  1044.8  1226.1  1044.8   695.4
 mTau    688.8  1040.4  1223.0  1040.4  1214.2  1040.4  1223.0  1040.4   688.8
 mTau    682.5  1036.1  1219.8  1036.1  1212.8  1036.1  1219.8  1036.1   682.5
 mTau    676.2  1031.7  1216.6  1031.7  1211.2  1031.7  1216.6  1031.7   676.2
 mTau    670.2  1027.5  1213.3  1027.5  1209.7  1027.5  1213.3  1027.5   670.2
 mTau    664.3  1023.2  1210.1  1023.2  1208.0  1023.2  1210.1  1023.2   664.3
 mTau    658.6  1019.0  1206.8  1019.0  1206.3  1019.0  1206.8  1019.0   658.6
 mTau    653.0  1014.8  1203.5  1014.8  1204.5  1014.8  1203.5  1014.8   653.0
 mTau    647.6  1010.6  1200.2  1010.6  1202.6  1010.6  1200.2  1010.6   647.6
 mTau    642.3  1006.4  1196.9  1006.4  1200.7  1006.4  1196.9  1006.4   642.3
 mTau    637.1  1002.3  1193.5  1002.3  1198.7  1002.3  1193.5  1002.3   637.1
 mTau    632.1   998.2  1190.2   998.2  1196.6   998.2  1190.2   998.2   632.1
 mTau    627.2   994.2  1186.9   994.2  1194.5   994.2  1186.9   994.2   627.2
 mTau    622.3   990.1  1183.5   990.1  1192.4   990.1  1183.5   990.1   622.3
 mTau    617.6   986.1  1180.2   986.1  1190.2   986.1  1180.2   986.1   617.6
 mTau    613.0   982.2  1176.9   982.2  1187.9   982.2  1176.9   982.2   613.0
 mTau    608.5   978.2  1173.5   978.2  1185.6   978.2  1173.5   978.2   608.5
 mTau    604.1   974.3  1170.2   974.3  1183.3   974.3  1170.2   974.3   604.1
 mTau    599.8   970.4  1166.8   970.4  1180.9   970.4  1166.8   970.4   599.8
 mTau    595.5   966.6  1163.5   966.6  1178.4   966.6  1163.5   966.6   595.5
 mTau    591.4   962.7  1160.2   962.7  1175.9   962.7  1160.2   962.7   591.4
 mTau    587.3   958.9  1156.9   958.9  1173.4   958.9  1156.9   958.9   587.3
 mTau    583.3   955.1  1153.6   955.1  1170.9   955.1  1153.6   955.1   583.3
 mTau    579.4   951.4  1150.3   951.4  1168.3   951.4  1150.3   951.4   579.4
 mTau    575.6   947.7  1147.0   947.7  1165.6   947.7  1147.0   947.7   575.6
 mTau    571.8   943.9  1143.7   943.9  1163.0   943.9  1143.7   943.9   571.8
 mTau    568.1   940.3  1140.4   940.3  1160.3   940.3  1140.4   940.3   568.1
 mTau    564.5   936.6  1137.1   936.6  1157.5   936.6  1137.1   936.6   564.5
 mTau    560.9   933.0  1133.9   933.0  1154.8   933.0  1133.9   933.0   560.9
 mTau    557.4   929.4  1130.6   929.4  1152.0   929.4  1130.6   929.4   557.4
 mTau    554.0   925.8  1127.4   925.8  1149.2   925.8  1127.4   925.8   554.0
 mTau    550.6   922.2  1124.1   922.2  1146.3   922.2  1124.1   922.2   550.6
 mTau    547.3   918.7  1120.9   918.7  1143.4   918.7  1120.9   918.7   547.3
 mTau    544.0   915.2  1117.7   915.2  1140.5   915.2  1117.7   915.2   544.0
 mTau    540.8   911.7  1114.5   911.7  1137.6   911.7  1114.5   911.7   540.8
 mTau    537.6   908.3  1111.3   908.3  1134.7   908.3  1111.3   908.3   537.6
 mTau    534.5   904.8  1108.1   904.8  1131.7   904.8  1108.1   904.8   534.5
 mTau    531.4   901.4  1104.9   901.4  1128.8   901.4  1104.9   901.4   531.4
 mTau    528.4   898.0  1101.7   898.0  1125.8   898.0  1101.7   898.0   528.4
 mTau    525.5   894.6  1098.6   894.6  1122.7   894.6  1098.6   894.6   525.5
 mTau    522.5   891.3  1095.4   891.3  1119.7   891.3  1095.4   891.3   522.5
 mTau    519.7   887.9  1092.2   887.9  1116.7   887.9  1092.2   887.9   519.7
 mTau    516.8   884.6  1089.1   884.6  1113.6   884.6  1089.1   884.6   516.8
 mTau    514.0   881.3  1086.0   881.3  1110.5   881.3  1086.0   881.3   514.0
 mTau    511.3   878.0  1082.8   878.0  1107.4   878.0  1082.8   878.0   511.3
 mTau    508.6   874.8  1079.7   874.8  1104.3   874.8  1079.7   874.8   508.6
 mTau    505.9   871.6  1076.6   871.6  1101.2   871.6  1076.6   871.6   505.9
 mTau    503.2   868.3  1073.5   868.3  1098.1   868.3  1073.5   868.3   503.2
 mTau    500.7   865.2  1070.4   865.2  1094.9   865.2  1070.4   865.2   500.7
 mTau    498.1   862.0  1067.3   862.0  1091.8   862.0  1067.3   862.0   498.1
 mTau    495.6   858.8  1064.3   858.8  1088.6   858.8  1064.3   858.8   495.6
 mTau    493.1   855.7  1061.2   855.7  1085.5   855.7  1061.2   855.7   493.1
 mTau    490.6   852.6  1058.1   852.6  1082.3   852.6  1058.1   852.6   490.6
 mTau    488.2   849.5  1055.1   849.5  1079.1   849.5  1055.1   849.5   488.2
 mTau    485.8   846.4  1052.0   846.4  1075.9   846.4  1052.0   846.4   485.8
 mTau    483.4   843.3  1049.0   843.3  1072.8   843.3  1049.0   843.3   483.4
 mTau    481.1   840.3  1046.0   840.3  1069.6   840.3  1046.0   840.3   481.1
 mTau    478.8   837.2  1042.9   837.2  1066.4   837.2  1042.9   837.2   478.8
 mTau    476.5   834.2  1039.9   834.2  1063.2   834.2  1039.9   834.2   476.5
 mTau    474.3   831.2  1036.9   831.2  1059.9   831.2  1036.9   831.2   474.3
 mTau    472.0   828.2  1033.9   828.2  1056.7   828.2  1033.9   828.2   472.0
 mTau    469.8   825.3  1030.9   825.3  1053.5   825.3  1030.9   825.3   469.8
 mTau    467.7   822.3  1027.9   822.3  1050.3   822.3  1027.9   822.3   467.7
 mTau    465.5   819.4  1025.0   819.4  1047.1   819.4  1025.0   819.4   465.5
 mTau    463.4   816.5  1022.0   816.5  1043.9   816.5  1022.0   816.5   463.4
 mTau    461.3   813.6  1019.0   813.6  1040.6   813.6  1019.0   813.6   461.3
 mTau    459.3   810.7  1016.0   810.7  1037.4   810.7  1016.0   810.7   459.3
 mTau    457.2   807.8  1013.1   807.8  1034.2   807.8  1013.1   807.8   457.2
 mTau    455.2   805.0  1010.1   805.0  1031.0   805.0  1010.1   805.0   455.2
 mTau    453.2   802.1  1007.2   802.1  1027.8   802.1  1007.2   802.1   453.2
 mTau    451.3   799.3  1004.3   799.3  1024.6   799.3  1004.3   799.3   451.3
 mTau    449.3   796.5  1001.3   796.5  1021.3   796.5  1001.3   796.5   449.3
 mTau    447.4   793.7   998.4   793.7  1018.1   793.7   998.4   793.7   447.4
 mTau    445.5   790.9   995.5   790.9  1014.9   790.9   995.5   790.9   445.5
 mTau    443.6   788.1   992.6   788.1  1011.7   788.1   992.6   788.1   443.6
 mTau    441.7   785.4   989.7   785.4  1008.5   785.4   989.7   785.4   441.7
 mTau    439.9   782.6   986.8   782.6  1005.3   782.6   986.8   782.6   439.9
 mTau    438.0   779.9   983.9   779.9  1002.1   779.9   983.9   779.9   438.0
 mTau    436.2   777.2   981.0   777.2   998.9   777.2   981.0   777.2   436.2
 mTau    434.4   774.5   978.1   774.5   995.7   774.5   978.1   774.5   434.4
 mTau    432.7   771.8   975.3   771.8   992.5   771.8   975.3   771.8   432.7
 mTau    430.9   769.1   972.4   769.1   989.3   769.1   972.4   769.1   430.9
 mTau    429.2   766.5   969.5   766.5   986.1   766.5   969.5   766.5   429.2
 mTau    427.5   763.8   966.7   763.8   983.0   763.8   966.7   763.8   427.5
 mTau    425.8   761.2   963.8   761.2   979.8   761.2   963.8   761.2   425.8
 mTau    424.1   758.6   961.0   758.6   976.6   758.6   961.0   758.6   424.1
 mTau    422.4   756.0   958.2   756.0   973.5   756.0   958.2   756.0   422.4
 mTau    420.8   753.4   955.3   753.4   970.3   753.4   955.3   753.4   420.8
 mTau    419.1   750.8   952.5   750.8   967.2   750.8   952.5   750.8   419.1
 mTau    417.5   748.2   949.7   748.2   964.0   748.2   949.7   748.2   417.5
 mTau    415.9   745.7   946.9   745.7   960.9   745.7   946.9   745.7   415.9
 mTau    414.3   743.1   944.1   743.1   957.7   743.1   944.1   743.1   414.3
 mTau    412.7   740.6   941.3   740.6   954.6   740.6   941.3   740.6   412.7
 mTau    411.2   738.0   938.5   738.0   951.5   738.0   938.5   738.0   411.2
 mTau    409.6   735.5   935.7   735.5   948.4   735.5   935.7   735.5   409.6
 mTau    408.1   733.0   932.9   733.0   945.3   733.0   932.9   733.0   408.1
 mTau    406.6   730.5   930.1   730.5   942.2   730.5   930.1   730.5   406.6
 mTau    405.1   728.1   927.4   728.1   939.1   728.1   927.4   728.1   405.1
 mTau    403.6   725.6   924.6   725.6   936.0   725.6   924.6   725.6   403.6
 mTau    402.1   723.2   921.8   723.2   932.9   723.2   921.8   723.2   402.1
 mTau    400.6   720.7   919.1   720.7   929.9   720.7   919.1   720.7   400.6
 mTau    399.2   718.3   916.3   718.3   926.8   718.3   916.3   718.3   399.2
 mTau    397.7   715.9   913.6   715.9   923.8   715.9   913.6   715.9   397.7
 mTau    396.3   713.4   910.9   713.4   920.7   713.4   910.9   713.4   396.3
 mTau    394.9   711.1   908.1   711.1   917.7   711.1   908.1   711.1   394.9
 mTau    393.5   708.7   905.4   708.7   914.6   708.7   905.4   708.7   393.5
 mTau    392.1   706.3   902.7   706.3   911.6   706.3   902.7   706.3   392.1
 mTau    390.7   703.9   900.0   703.9   908.6   703.9   900.0   703.9   390.7
 mTau    389.3   701.6   897.3   701.6   905.6   701.6   897.3   701.6   389.3
 mTau    388.0   699.2   894.6   699.2   902.6   699.2   894.6   699.2   388.0
 mTau    386.6   696.9   891.9   696.9   899.6   696.9   891.9   696.9   386.6
 mTau    385.3   694.6   889.2   694.6   896.6   694.6   889.2   694.6   385.3
 mTau    383.9   692.2   886.5   692.2   893.7   692.2   886.5   692.2   383.9
 mTau    382.6   689.9   883.9   689.9   890.7   689.9   883.9   689.9   382.6
 mTau    381.3   687.6   881.2   687.6   887.8   687.6   881.2   687.6   381.3
 mTau    380.0   685.4   878.5   685.4   884.8   685.4   878.5   685.4   380.0
 mTau    378.7   683.1   875.9   683.1   881.9   683.1   875.9   683.1   378.7
 mTau    377.4   680.8   873.2   680.8   879.0   680.8   873.2   680.8   377.4
 mTau    376.2   678.6   870.6   678.6   876.0   678.6   870.6   678.6   376.2
 mTau    374.9   676.3   868.0   676.3   873.1   676.3   868.0   676.3   374.9
 mTau    373.7   674.1   865.3   674.1   870.2   674.1   865.3   674.1   373.7
 mTau    372.4   671.9   862.7   671.9   867.3   671.9   862.7   671.9   372.4
 mTau    371.2   669.6   860.1   669.6   864.5   669.6   860.1   669.6   371.2
 mTau    369.9   667.4   857.5   667.4   861.6   667.4   857.5   667.4   369.9
 mTau    368.7   665.2   854.9   665.2   858.7   665.2   854.9   665.2   368.7
 mTau    367.5   663.0   852.3   663.0   855.9   663.0   852.3   663.0   367.5
 mTau    366.3   660.9   849.7   660.9   853.0   660.9   849.7   660.9   366.3
 mTau    365.1   658.7   847.1   658.7   850.2   658.7   847.1   658.7   365.1
 mTau    363.9   656.5   844.5   656.5   847.4   656.5   844.5   656.5   363.9
 mTau    362.8   654.4   842.0   654.4   844.5   654.4   842.0   654.4   362.8
 mTau    361.6   652.2   839.4   652.2   841.7   652.2   839.4   652.2   361.6
 mTau    360.4   650.1   836.8   650.1   838.9   650.1   836.8   650.1   360.4
 mTau    359.3   648.0   834.3   648.0   836.1   648.0   834.3   648.0   359.3
 mTau    358.2   645.9   831.7   645.9   833.4   645.9   831.7   645.9   358.2
 mTau    357.0   643.8   829.2   643.8   830.6   643.8   829.2   643.8   357.0
 mTau    355.9   641.7   826.7   641.7   827.8   641.7   826.7   641.7   355.9
 mTau    354.8   639.6   824.1   639.6   825.1   639.6   824.1   639.6   354.8
 mTau    353.7   637.5   821.6   637.5   822.3   637.5   821.6   637.5   353.7
 mTau    352.5   635.4   819.1   635.4   819.6   635.4   819.1   635.4   352.5
 mTau    351.4   633.4   816.6   633.4   816.9   633.4   816.6   633.4   351.4
 mTau    350.4   631.3   814.1   631.3   814.2   631.3   814.1   631.3   350.4
 mTau    349.3   629.3   811.6   629.3   811.5   629.3   811.6   629.3   349.3
 mTau    348.2   627.2   809.1   627.2   808.8   627.2   809.1   627.2   348.2
 mTau    347.1   625.2   806.6   625.2   806.1   625.2   806.6   625.2   347.1
 mTau    346.0   623.2   804.1   623.2   803.4   623.2   804.1   623.2   346.0
 mTau    345.0   621.2   801.7   621.2   800.7   621.2   801.7   621.2   345.0
 mTau    343.9   619.2   799.2   619.2   798.1   619.2   799.2   619.2   343.9
 mTau    342.9   617.2   796.7   617.2   795.4   617.2   796.7   617.2   342.9
 mTau    341.9   615.2   794.3   615.2   792.8   615.2   794.3   615.2   341.9
 mTau    340.8   613.2   791.9   613.2   790.2   613.2   791.9   613.2   340.8
 mTau    339.8   611.2   789.4   611.2   787.5   611.2   789.4   611.2   339.8
 mTau    338.8   609.3   787.0   609.3   784.9   609.3   787.0   609.3   338.8
 mTau    337.8   607.3   784.6   607.3   782.3   607.3   784.6   607.3   337.8
 mTau    336.7   605.3   782.1   605.3   779.7   605.3   782.1   605.3   336.7
 mTau    335.7   603.4   779.7   603.4   777.2   603.4   779.7   603.4   335.7
 mTau    334.7   601.5   777.3   601.5   774.6   601.5   777.3   601.5   334.7
 mTau    333.8   599.6   774.9   599.6   772.0   599.6   774.9   599.6   333.8
 mTau    332.8   597.6   772.5   597.6   769.5   597.6   772.5   597.6   332.8
 mTau    331.8   595.7   770.2   595.7   766.9   595.7   770.2   595.7   331.8
 mTau    330.8   593.8   767.8   593.8   764.4   593.8   767.8   593.8   330.8
 mTau    329.8   591.9   765.4   591.9   761.9   591.9   765.4   591.9   329.8
 mTau    328.9   590.0   763.0   590.0   759.3   590.0   763.0   590.0   328.9
 mTau    327.9   588.2   760.7   588.2   756.8   588.2   760.7   588.2   327.9
 mTau    327.0   586.3   758.3   586.3   754.3   586.3   758.3   586.3   327.0
 mTau    326.0   584.4   756.0   584.4   751.8   584.4   756.0   584.4   326.0
 mTau    325.1   582.6   753.7   582.6   749.4   582.6   753.7   582.6   325.1
 mTau    324.1   580.7   751.3   580.7   746.9   580.7   751.3   580.7   324.1
 mTau    323.2   578.9   749.0   578.9   744.4   578.9   749.0   578.9   323.2
 mTau    322.3   577.0   746.7   577.0   742.0   577.0   746.7   577.0   322.3
 mTau    321.4   575.2   744.4   575.2   739.5   575.2   744.4   575.2   321.4
 mTau    320.5   573.4   742.1   573.4   737.1   573.4   742.1   573.4   320.5
 mTau    319.5   571.6   739.8   571.6   734.7   571.6   739.8   571.6   319.5
 mTau    318.6   569.8   737.5   569.8   732.3   569.8   737.5   569.8   318.6
 mTau    317.7   568.0   735.2   568.0   729.8   568.0   735.2   568.0   317.7
 mTau    316.8   566.2   732.9   566.2   727.4   566.2   732.9   566.2   316.8
 mTau    315.9   564.4   730.6   564.4   725.1   564.4   730.6   564.4   315.9
 mTau    315.1   562.6   728.4   562.6   722.7   562.6   728.4   562.6   315.1
 mTau    314.2   560.9   726.1   560.9   720.3   560.9   726.1   560.9   314.2
 mTau    313.3   559.1   723.9   559.1   717.9   559.1   723.9   559.1   313.3
 mTau    312.4   557.4   721.6   557.4   715.6   557.4   721.6   557.4   312.4
 mTau    311.5   555.6   719.4   555.6   713.2   555.6   719.4   555.6   311.5
 mTau    310.7   553.9   717.2   553.9   710.9   553.9   717.2   553.9   310.7
 mTau    309.8   552.1   714.9   552.1   708.6   552.1   714.9   552.1   309.8
 mTau    309.0   550.4   712.7   550.4   706.3   550.4   712.7   550.4   309.0
 mTau    308.1   548.7   710.5   548.7   703.9   548.7   710.5   548.7   308.1
 mTau    307.3   547.0   708.3   547.0   701.6   547.0   708.3   547.0   307.3
 mTau    306.4   545.3   706.1   545.3   699.3   545.3   706.1   545.3   306.4
 mTau    305.6   543.6   703.9   543.6   697.1   543.6   703.9   543.6   305.6
 mTau    304.8   541.9   701.7   541.9   694.8   541.9   701.7   541.9   304.8
 mTau    303.9   540.2   699.6   540.2   692.5   540.2   699.6   540.2   303.9
 mTau    303.1   538.5   697.4   538.5   690.3   538.5   697.4   538.5   303.1
 mTau    302.3   536.8   695.2   536.8   688.0   536.8   695.2   536.8   302.3
 mTau    301.5   535.2   693.1   535.2   685.8   535.2   693.1   535.2   301.5
 mTau    300.6   533.5   690.9   533.5   683.5   533.5   690.9   533.5   300.6
 mTau    299.8   531.8   688.8   531.8   681.3   531.8   688.8   531.8   299.8
 mTau    299.0   530.2   686.6   530.2   679.1   530.2   686.6   530.2   299.0
 mTau    298.2   528.5   684.5   528.5   676.9   528.5   684.5   528.5   298.2
 mTau    297.4   526.9   682.4   526.9   674.7   526.9   682.4   526.9   297.4
 mTau    296.6   525.3   680.3   525.3   672.5   525.3   680.3   525.3   296.6
 mTau    295.8   523.7   678.1   523.7   670.3   523.7   678.1   523.7   295.8
 mTau    295.1   522.0   676.0   522.0   668.1   522.0   676.0   522.0   295.1
 mTau    294.3   520.4   673.9   520.4   666.0   520.4   673.9   520.4   294.3
 mTau    293.5   518.8   671.9   518.8   663.8   518.8   671.9   518.8   293.5
 mTau    292.7   517.2   669.8   517.2   661.7   517.2   669.8   517.2   292.7
 mTau    291.9   515.6   667.7   515.6   659.5   515.6   667.7   515.6   291.9
 mTau    291.2   514.1   665.6   514.1   657.4   514.1   665.6   514.1   291.2
 mTau    290.4   512.5   663.6   512.5   655.3   512.5   663.6   512.5   290.4
 mTau    289.7   510.9   661.5   510.9   653.1   510.9   661.5   510.9   289.7
 mTau    288.9   509.3   659.4   509.3   651.0   509.3   659.4   509.3   288.9
 mTau    288.1   507.8   657.4   507.8   648.9   507.8   657.4   507.8   288.1
 mTau    287.4   506.2   655.4   506.2   646.8   506.2   655.4   506.2   287.4
 mTau    286.6   504.7   653.3   504.7   644.8   504.7   653.3   504.7   286.6
 mTau    285.9   503.1   651.3   503.1   642.7   503.1   651.3   503.1   285.9
 mTau    285.2   501.6   649.3   501.6   640.6   501.6   649.3   501.6   285.2
 mTau    284.4   500.1   647.3   500.1   638.5   500.1   647.3   500.1   284.4
 mTau    283.7   498.5   645.3   498.5   636.5   498.5   645.3   498.5   283.7
 mTau    283.0   497.0   643.3   497.0   634.5   497.0   643.3   497.0   283.0
 mTau    282.2   495.5   641.3   495.5   632.4   495.5   641.3   495.5   282.2
 mTau    281.5   494.0   639.3   494.0   630.4   494.0   639.3   494.0   281.5
 mTau    280.8   492.5   637.3   492.5   628.4   492.5   637.3   492.5   280.8
 mTau    280.1   491.0   635.3   491.0   626.3   491.0   635.3   491.0   280.1
 mTau    279.4   489.5   633.4   489.5   624.3   489.5   633.4   489.5   279.4
 mTau    278.7   488.0   631.4   488.0   622.3   488.0   631.4   488.0   278.7
 mTau    278.0   486.6   629.5   486.6   620.3   486.6   629.5   486.6   278.0
 mTau    277.2   485.1   627.5   485.1   618.4   485.1   627.5   485.1   277.2
 mTau    276.5   483.6   625.6   483.6   616.4   483.6   625.6   483.6   276.5
 mTau    275.9   482.2   623.6   482.2   614.4   482.2   623.6   482.2   275.9
 mTau    275.2   480.7   621.7   480.7   612.5   480.7   621.7   480.7   275.2
 mTau    274.5   479.3   619.8   479.3   610.5   479.3   619.8   479.3   274.5
 mTau    273.8   477.8   617.9   477.8   608.6   477.8   617.9   477.8   273.8
 mTau    273.1   476.4   616.0   476.4   606.6   476.4   616.0   476.4   273.1
 mTau    272.4   474.9   614.1   474.9   604.7   474.9   614.1   474.9   272.4
 mTau    271.7   473.5   612.2   473.5   602.8   473.5   612.2   473.5   271.7
 mTau    271.1   472.1   610.3   472.1   600.9   472.1   610.3   472.1   271.1
 mTau    270.4   470.7   608.4   470.7   598.9   470.7   608.4   470.7   270.4
 mTau    269.7   469.3   606.5   469.3   597.0   469.3   606.5   469.3   269.7
 mTau    269.1   467.9   604.6   467.9   595.1   467.9   604.6   467.9   269.1
 mTau    268.4   466.5   602.8   466.5   593.3   466.5   602.8   466.5   268.4
 mTau    267.7   465.1   600.9   465.1   591.4   465.1   600.9   465.1   267.7
 mTau    267.1   463.7   599.1   463.7   589.5   463.7   599.1   463.7   267.1
 mTau    266.4   462.3   597.2   462.3   587.6   462.3   597.2   462.3   266.4
 mTau    265.8   460.9   595.4   460.9   585.8   460.9   595.4   460.9   265.8
 mTau    265.1   459.5   593.6   459.5   583.9   459.5   593.6   459.5   265.1
 mTau    264.5   458.2   591.7   458.2   582.1   458.2   591.7   458.2   264.5
 mTau    263.8   456.8   589.9   456.8   580.3   456.8   589.9   456.8   263.8
 mTau    263.2   455.4   588.1   455.4   578.4   455.4   588.1   455.4   263.2
 mTau    262.5   454.1   586.3   454.1   576.6   454.1   586.3   454.1   262.5
 mTau    261.9   452.7   584.5   452.7   574.8   452.7   584.5   452.7   261.9
 mTau    261.3   451.4   582.7   451.4   573.0   451.4   582.7   451.4   261.3
 mTau    260.6   450.1   580.9   450.1   571.2   450.1   580.9   450.1   260.6
 mTau    260.0   448.7   579.1   448.7   569.4   448.7   579.1   448.7   260.0
 mTau    259.4   447.4   577.3   447.4   567.6   447.4   577.3   447.4   259.4
 mTau    258.8   446.1   575.6   446.1   565.8   446.1   575.6   446.1   258.8
 mTau    258.2   444.8   573.8   444.8   564.0   444.8   573.8   444.8   258.2
 mTau    257.5   443.5   572.0   443.5   562.3   443.5   572.0   443.5   257.5
 mTau    256.9   442.2   570.3   442.2   560.5   442.2   570.3   442.2   256.9
 mTau    256.3   440.9   568.5   440.9   558.8   440.9   568.5   440.9   256.3
 mTau    255.7   439.6   566.8   439.6   557.0   439.6   566.8   439.6   255.7
 mTau    255.1   438.3   565.1   438.3   555.3   438.3   565.1   438.3   255.1
 mTau    254.5   437.0   563.3   437.0   553.5   437.0   563.3   437.0   254.5
 mTau    253.9   435.7   561.6   435.7   551.8   435.7   561.6   435.7   253.9
 mTau    253.3   434.4   559.9   434.4   550.1   434.4   559.9   434.4   253.3
 mTau    252.7   433.2   558.2   433.2   548.4   433.2   558.2   433.2   252.7
 mTau    252.1   431.9   556.5   431.9   546.7   431.9   556.5   431.9   252.1
 mTau    251.5   430.6   554.8   430.6   545.0   430.6   554.8   430.6   251.5
 mTau    250.9   429.4   553.1   429.4   543.3   429.4   553.1   429.4   250.9
 mTau    250.3   428.1   551.4   428.1   541.6   428.1   551.4   428.1   250.3
 mTau    249.8   426.9   549.7   426.9   539.9   426.9   549.7   426.9   249.8
 mTau    249.2   425.6   548.0   425.6   538.2   425.6   548.0   425.6   249.2
 mTau    248.6   424.4   546.4   424.4   536.6   424.4   546.4   424.4   248.6
 mTau    248.0   423.2   544.7   423.2   534.9   423.2   544.7   423.2   248.0
 mTau    247.4   421.9   543.1   421.9   533.2   421.9   543.1   421.9   247.4
 mTau    246.9   420.7   541.4   420.7   531.6   420.7   541.4   420.7   246.9
 mTau    246.3   419.5   539.8   419.5   529.9   419.5   539.8   419.5   246.3
 mTau    245.7   418.3   538.1   418.3   528.3   418.3   538.1   418.3   245.7
 mTau    245.2   417.1   536.5   417.1   526.7   417.1   536.5   417.1   245.2
 mTau    244.6   415.9   534.9   415.9   525.1   415.9   534.9   415.9   244.6
 mTau    244.1   414.7   533.2   414.7   523.4   414.7   533.2   414.7   244.1
 mTau    243.5   413.5   531.6   413.5   521.8   413.5   531.6   413.5   243.5
 mTau    242.9   412.3   530.0   412.3   520.2   412.3   530.0   412.3   242.9
 mTau    242.4   411.1   528.4   411.1   518.6   411.1   528.4   411.1   242.4
 mTau    241.8   409.9   526.8   409.9   517.0   409.9   526.8   409.9   241.8
 mTau    241.3   408.7   525.2   408.7   515.4   408.7   525.2   408.7   241.3
 mTau    240.7   407.5   523.6   407.5   513.9   407.5   523.6   407.5   240.7
 mTau    240.2   406.4   522.0   406.4   512.3   406.4   522.0   406.4   240.2
 mTau    239.7   405.2   520.4   405.2   510.7   405.2   520.4   405.2   239.7
 mTau    239.1   404.1   518.9   404.1   509.2   404.1   518.9   404.1   239.1
 mTau    238.6   402.9   517.3   402.9   507.6   402.9   517.3   402.9   238.6
 mTau    238.0   401.7   515.7   401.7   506.0   401.7   515.7   401.7   238.0
 mTau    237.5   400.6   514.2   400.6   504.5   400.6   514.2   400.6   237.5
 mTau    237.0   399.5   512.6   399.5   503.0   399.5   512.6   399.5   237.0
 mTau    236.5   398.3   511.1   398.3   501.4   398.3   511.1   398.3   236.5
 mTau    235.9   397.2   509.6   397.2   499.9   397.2   509.6   397.2   235.9
 mTau    235.4   396.1   508.0   396.1   498.4   396.1   508.0   396.1   235.4
 mTau    234.9   394.9   506.5   394.9   496.9   394.9   506.5   394.9   234.9
 mTau    234.4   393.8   505.0   393.8   495.4   393.8   505.0   393.8   234.4
 mTau    233.8   392.7   503.5   392.7   493.8   392.7   503.5   392.7   233.8
 mTau    233.3   391.6   501.9   391.6   492.3   391.6   501.9   391.6   233.3
 mTau    232.8   390.5   500.4   390.5   490.9   390.5   500.4   390.5   232.8
 mTau    232.3   389.4   498.9   389.4   489.4   389.4   498.9   389.4   232.3
 mTau    231.8   388.3   497.4   388.3   487.9   388.3   497.4   388.3   231.8
 mTau    231.3   387.2   496.0   387.2   486.4   387.2   496.0   387.2   231.3
 mTau    230.8   386.1   494.5   386.1   484.9   386.1   494.5   386.1   230.8
 mTau    230.3   385.0   493.0   385.0   483.5   385.0   493.0   385.0   230.3
 mTau    229.8   383.9   491.5   383.9   482.0   383.9   491.5   383.9   229.8
 mTau    229.3   382.8   490.1   382.8   480.6   382.8   490.1   382.8   229.3
 mTau    228.8   381.8   488.6   381.8   479.1   381.8   488.6   381.8   228.8
 mTau    228.3   380.7   487.1   380.7   477.7   380.7   487.1   380.7   228.3
 mTau    227.8   379.6   485.7   379.6   476.2   379.6   485.7   379.6   227.8
 mTau    227.3   378.6   484.2   378.6   474.8   378.6   484.2   378.6   227.3
 mTau    226.8   377.5   482.8   377.5   473.4   377.5   482.8   377.5   226.8
 mTau    226.3   376.5   481.4   376.5   472.0   376.5   481.4   376.5   226.3
 mTau    225.8   375.4   479.9   375.4   470.6   375.4   479.9   375.4   225.8
 mTau    225.4   374.4   478.5   374.4   469.1   374.4   478.5   374.4   225.4
 mTau    224.9   373.3   477.1   373.3   467.7   373.3   477.1   373.3   224.9
 mTau    224.4   372.3   475.7   372.3   466.3   372.3   475.7   372.3   224.4
 mTau    223.9   371.2   474.2   371.2   464.9   371.2   474.2   371.2   223.9
 mTau    223.4   370.2   472.8   370.2   463.6   370.2   472.8   370.2   223.4
 mTau    223.0   369.2   471.4   369.2   462.2   369.2   471.4   369.2   223.0
 mTau    222.5   368.2   470.0   368.2   460.8   368.2   470.0   368.2   222.5
 mTau    222.0   367.1   468.7   367.1   459.4   367.1   468.7   367.1   222.0
 mTau    221.6   366.1   467.3   366.1   458.1   366.1   467.3   366.1   221.6
 mTau    221.1   365.1   465.9   365.1   456.7   365.1   465.9   365.1   221.1
 mTau    220.6   364.1   464.5   364.1   455.3   364.1   464.5   364.1   220.6
 mTau    220.2   363.1   463.1   363.1   454.0   363.1   463.1   363.1   220.2
 mTau    219.7   362.1   461.8   362.1   452.6   362.1   461.8   362.1   219.7
 mTau    219.2   361.1   460.4   361.1   451.3   361.1   460.4   361.1   219.2
 mTau    218.8   360.1   459.1   360.1   450.0   360.1   459.1   360.1   218.8
 mTau    218.3   359.1   457.7   359.1   448.6   359.1   457.7   359.1   218.3
 mTau    217.9   358.1   456.4   358.1   447.3   358.1   456.4   358.1   217.9
 mTau    217.4   357.2   455.0   357.2   446.0   357.2   455.0   357.2   217.4
 mTau    217.0   356.2   453.7   356.2   444.7   356.2   453.7   356.2   217.0
 mTau    216.5   355.2   452.4   355.2   443.4   355.2   452.4   355.2   216.5
 mTau    216.1   354.3   451.0   354.3   442.1   354.3   451.0   354.3   216.1
 mTau    215.6   353.3   449.7   353.3   440.8   353.3   449.7   353.3   215.6
 mTau    215.2   352.3   448.4   352.3   439.5   352.3   448.4   352.3   215.2
 mTau    214.7   351.4   447.1   351.4   438.2   351.4   447.1   351.4   214.7
 mTau    214.3   350.4   445.8   350.4   436.9   350.4   445.8   350.4   214.3
 mTau    213.9   349.5   444.5   349.5   435.6   349.5   444.5   349.5   213.9
 mTau    213.4   348.5   443.2   348.5   434.3   348.5   443.2   348.5   213.4
 mTau    213.0   347.6   441.9   347.6   433.1   347.6   441.9   347.6   213.0
 mTau    212.6   346.6   440.6   346.6   431.8   346.6   440.6   346.6   212.6
 mTau    212.1   345.7   439.3   345.7   430.5   345.7   439.3   345.7   212.1
 mTau    211.7   344.8   438.0   344.8   429.3   344.8   438.0   344.8   211.7
 mTau    211.3   343.8   436.8   343.8   428.0   343.8   436.8   343.8   211.3
 mTau    210.9   342.9   435.5   342.9   426.8   342.9   435.5   342.9   210.9
 mTau    210.4   342.0   434.2   342.0   425.5   342.0   434.2   342.0   210.4
 mTau    210.0   341.1   433.0   341.1   424.3   341.1   433.0   341.1   210.0
 mTau    209.6   340.1   431.7   340.1   423.1   340.1   431.7   340.1   209.6
 mTau    209.2   339.2   430.5   339.2   421.8   339.2   430.5   339.2   209.2
 mTau    208.8   338.3   429.2   338.3   420.6   338.3   429.2   338.3   208.8
 mTau    208.3   337.4   428.0   337.4   419.4   337.4   428.0   337.4   208.3
 mTau    207.9   336.5   426.7   336.5   418.2   336.5   426.7   336.5   207.9
 mTau    207.5   335.6   425.5   335.6   417.0   335.6   425.5   335.6   207.5
 mTau    207.1   334.7   424.3   334.7   415.8   334.7   424.3   334.7   207.1
 mTau    206.7   333.8   423.1   333.8   414.6   333.8   423.1   333.8   206.7
 mTau    206.3   332.9   421.8   332.9   413.4   332.9   421.8   332.9   206.3
 mTau    205.9   332.1   420.6   332.1   412.2   332.1   420.6   332.1   205.9
 mTau    205.5   331.2   419.4   331.2   411.0   331.2   419.4   331.2   205.5
 mTau    205.1   330.3   418.2   330.3   409.8   330.3   418.2   330.3   205.1
 mTau    204.7   329.4   417.0   329.4   408.6   329.4   417.0   329.4   204.7
 mTau    204.3   328.6   415.8   328.6   407.5   328.6   415.8   328.6   204.3
 mTau    203.9   327.7   414.6   327.7   406.3   327.7   414.6   327.7   203.9
 mTau    203.5   326.8   413.4   326.8   405.1   326.8   413.4   326.8   203.5
 mTau    203.1   326.0   412.3   326.0   404.0   326.0   412.3   326.0   203.1
 mTau    202.7   325.1   411.1   325.1   402.8   325.1   411.1   325.1   202.7
 mTau    202.3   324.3   409.9   324.3   401.7   324.3   409.9   324.3   202.3
 mTau    201.9   323.4   408.7   323.4   400.5   323.4   408.7   323.4   201.9
 mTau    201.5   322.6   407.6   322.6   399.4   322.6   407.6   322.6   201.5
 mTau    201.1   321.7   406.4   321.7   398.3   321.7   406.4   321.7   201.1
 mTau    200.7   320.9   405.2   320.9   397.1   320.9   405.2   320.9   200.7
 mTau    200.4   320.0   404.1   320.0   396.0   320.0   404.1   320.0   200.4
 mTau    200.0   319.2   402.9   319.2   394.9   319.2   402.9   319.2   200.0
 mTau    199.6   318.4   401.8   318.4   393.7   318.4   401.8   318.4   199.6
 mTau    199.2   317.5   400.7   317.5   392.6   317.5   400.7   317.5   199.2
 mTau    198.8   316.7   399.5   316.7   391.5   316.7   399.5   316.7   198.8
 mTau    198.5   315.9   398.4   315.9   390.4   315.9   398.4   315.9   198.5
 mTau    198.1   315.1   397.3   315.1   389.3   315.1   397.3   315.1   198.1
 mTau    197.7   314.3   396.1   314.3   388.2   314.3   396.1   314.3   197.7
 mTau    197.3   313.4   395.0   313.4   387.1   313.4   395.0   313.4   197.3
 mTau    197.0   312.6   393.9   312.6   386.0   312.6   393.9   312.6   197.0
 mTau    196.6   311.8   392.8   311.8   384.9   311.8   392.8   311.8   196.6
 mTau    196.2   311.0   391.7   311.0   383.9   311.0   391.7   311.0   196.2
 mTau    195.9   310.2   390.6   310.2   382.8   310.2   390.6   310.2   195.9
 mTau    195.5   309.4   389.5   309.4   381.7   309.4   389.5   309.4   195.5
 mTau    195.1   308.6   388.4   308.6   380.6   308.6   388.4   308.6   195.1
 mTau    194.8   307.8   387.3   307.8   379.6   307.8   387.3   307.8   194.8
 mTau    194.4   307.0   386.2   307.0   378.5   307.0   386.2   307.0   194.4
 mTau    194.0   306.3   385.1   306.3   377.4   306.3   385.1   306.3   194.0
 mTau    193.7   305.5   384.1   305.5   376.4   305.5   384.1   305.5   193.7
 mTau    193.3   304.7   383.0   304.7   375.3   304.7   383.0   304.7   193.3
 mTau    193.0   303.9   381.9   303.9   374.3   303.9   381.9   303.9   193.0
 mTau    192.6   303.1   380.9   303.1   373.3   303.1   380.9   303.1   192.6
 mTau    192.3   302.4   379.8   302.4   372.2   302.4   379.8   302.4   192.3
 mTau    191.9   301.6   378.7   301.6   371.2   301.6   378.7   301.6   191.9
 mTau    191.6   300.8   377.7   300.8   370.2   300.8   377.7   300.8   191.6
 mTau    191.2   300.1   376.6   300.1   369.1   300.1   376.6   300.1   191.2
 mTau    190.9   299.3   375.6   299.3   368.1   299.3   375.6   299.3   190.9
 mTau    190.5   298.6   374.6   298.6   367.1   298.6   374.6   298.6   190.5
 mTau    190.2   297.8   373.5   297.8   366.1   297.8   373.5   297.8   190.2
 mTau    189.8   297.1   372.5   297.1   365.1   297.1   372.5   297.1   189.8
 mTau    189.5   296.3   371.5   296.3   364.1   296.3   371.5   296.3   189.5
 mTau    189.1   295.6   370.4   295.6   363.1   295.6   370.4   295.6   189.1
 mTau    188.8   294.8   369.4   294.8   362.1   294.8   369.4   294.8   188.8
 mTau    188.5   294.1   368.4   294.1   361.1   294.1   368.4   294.1   188.5
 mTau    188.1   293.3   367.4   293.3   360.1   293.3   367.4   293.3   188.1
 mTau    187.8   292.6   366.4   292.6   359.1   292.6   366.4   292.6   187.8
 mTau    187.5   291.9   365.3   291.9   358.1   291.9   365.3   291.9   187.5
 mTau    187.1   291.1   364.3   291.1   357.1   291.1   364.3   291.1   187.1
 mTau    186.8   290.4   363.3   290.4   356.1   290.4   363.3   290.4   186.8
 mTau    186.5   289.7   362.4   289.7   355.2   289.7   362.4   289.7   186.5
 mTau    186.1   289.0   361.4   289.0   354.2   289.0   361.4   289.0   186.1
 mTau    185.8   288.3   360.4   288.3   353.2   288.3   360.4   288.3   185.8
 mTau    185.5   287.5   359.4   287.5   352.3   287.5   359.4   287.5   185.5
 mTau    185.2   286.8   358.4   286.8   351.3   286.8   358.4   286.8   185.2
 mTau    184.8   286.1   357.4   286.1   350.4   286.1   357.4   286.1   184.8
 mTau    184.5   285.4   356.5   285.4   349.4   285.4   356.5   285.4   184.5
 mTau    184.2   284.7   355.5   284.7   348.5   284.7   355.5   284.7   184.2
 mTau    183.9   284.0   354.5   284.0   347.5   284.0   354.5   284.0   183.9
 mTau    183.5   283.3   353.6   283.3   346.6   283.3   353.6   283.3   183.5
 mTau    183.2   282.6   352.6   282.6   345.6   282.6   352.6   282.6   183.2
 mTau    182.9   281.9   351.6   281.9   344.7   281.9   351.6   281.9   182.9
 mTau    182.6   281.2   350.7   281.2   343.8   281.2   350.7   281.2   182.6
 mTau    182.3   280.6   349.7   280.6   342.9   280.6   349.7   280.6   182.3
 mTau    182.0   279.9   348.8   279.9   341.9   279.9   348.8   279.9   182.0
 mTau    181.7   279.2   347.8   279.2   341.0   279.2   347.8   279.2   181.7
 mTau    181.3   278.5   346.9   278.5   340.1   278.5   346.9   278.5   181.3
 mTau    181.0   277.8   346.0   277.8   339.2   277.8   346.0   277.8   181.0
 mTau    180.7   277.2   345.0   277.2   338.3   277.2   345.0   277.2   180.7
 mTau    180.4   276.5   344.1   276.5   337.4   276.5   344.1   276.5   180.4
 mTau    180.1   275.8   343.2   275.8   336.5   275.8   343.2   275.8   180.1
 mTau    179.8   275.1   342.3   275.1   335.6   275.1   342.3   275.1   179.8
 mTau    179.5   274.5   341.4   274.5   334.7   274.5   341.4   274.5   179.5
 mTau    179.2   273.8   340.4   273.8   333.8   273.8   340.4   273.8   179.2
 mTau    178.9   273.2   339.5   273.2   332.9   273.2   339.5   273.2   178.9
 mTau    178.6   272.5   338.6   272.5   332.0   272.5   338.6   272.5   178.6
 mTau    178.3   271.8   337.7   271.8   331.1   271.8   337.7   271.8   178.3
 mTau    178.0   271.2   336.8   271.2   330.3   271.2   336.8   271.2   178.0
 mTau    177.7   270.5   335.9   270.5   329.4   270.5   335.9   270.5   177.7
 mTau    177.4   269.9   335.0   269.9   328.5   269.9   335.0   269.9   177.4
 mTau    177.1   269.2   334.1   269.2   327.6   269.2   334.1   269.2   177.1
 mTau    176.8   268.6   333.3   268.6   326.8   268.6   333.3   268.6   176.8
 mTau    176.5   268.0   332.4   268.0   325.9   268.0   332.4   268.0   176.5
 mTau    176.2   267.3   331.5   267.3   325.1   267.3   331.5   267.3   176.2
 mTau    176.0   266.7   330.6   266.7   324.2   266.7   330.6   266.7   176.0
 mTau    175.7   266.1   329.7   266.1   323.4   266.1   329.7   266.1   175.7
 mTau    175.4   265.4   328.9   265.4   322.5   265.4   328.9   265.4   175.4
 mTau    175.1   264.8   328.0   264.8   321.7   264.8   328.0   264.8   175.1
 mTau    174.8   264.2   327.1   264.2   320.8   264.2   327.1   264.2   174.8
 mTau    174.5   263.6   326.3   263.6   320.0   263.6   326.3   263.6   174.5
 mTau    174.2   262.9   325.4   262.9   319.2   262.9   325.4   262.9   174.2
 mTau    174.0   262.3   324.6   262.3   318.3   262.3   324.6   262.3   174.0
 mTau    173.7   261.7   323.7   261.7   317.5   261.7   323.7   261.7   173.7
 mTau    173.4   261.1   322.9   261.1   316.7   261.1   322.9   261.1   173.4
 mTau    173.1   260.5   322.0   260.5   315.8   260.5   322.0   260.5   173.1
 mTau    172.8   259.9   321.2   259.9   315.0   259.9   321.2   259.9   172.8
 mTau    172.6   259.3   320.4   259.3   314.2   259.3   320.4   259.3   172.6
 mTau    172.3   258.7   319.5   258.7   313.4   258.7   319.5   258.7   172.3
 mTau    172.0   258.1   318.7   258.1   312.6   258.1   318.7   258.1   172.0
 mTau    171.7   257.5   317.9   257.5   311.8   257.5   317.9   257.5   171.7
 mTau    171.5   256.9   317.0   256.9   311.0   256.9   317.0   256.9   171.5
 mTau    171.2   256.3   316.2   256.3   310.2   256.3   316.2   256.3   171.2
 mTau    170.9   255.7   315.4   255.7   309.4   255.7   315.4   255.7   170.9
 mTau    170.6   255.1   314.6   255.1   308.6   255.1   314.6   255.1   170.6
 mTau    170.4   254.5   313.8   254.5   307.8   254.5   313.8   254.5   170.4
 mTau    170.1   253.9   313.0   253.9   307.0   253.9   313.0   253.9   170.1
 mTau    169.8   253.3   312.1   253.3   306.2   253.3   312.1   253.3   169.8
 mTau    169.6   252.7   311.3   252.7   305.4   252.7   311.3   252.7   169.6
 mTau    169.3   252.2   310.5   252.2   304.7   252.2   310.5   252.2   169.3
 mTau    169.1   251.6   309.7   251.6   303.9   251.6   309.7   251.6   169.1
 mTau    168.8   251.0   308.9   251.0   303.1   251.0   308.9   251.0   168.8
 mTau    168.5   250.4   308.2   250.4   302.3   250.4   308.2   250.4   168.5
 mTau    168.3   249.9   307.4   249.9   301.6   249.9   307.4   249.9   168.3
 mTau    168.0   249.3   306.6   249.3   300.8   249.3   306.6   249.3   168.0
 mTau    167.7   248.7   305.8   248.7   300.0   248.7   305.8   248.7   167.7
 mTau    167.5   248.2   305.0   248.2   299.3   248.2   305.0   248.2   167.5
 mTau    167.2   247.6   304.2   247.6   298.5   247.6   304.2   247.6   167.2
 mTau    167.0   247.0   303.5   247.0   297.8   247.0   303.5   247.0   167.0
 mTau    166.7   246.5   302.7   246.5   297.0   246.5   302.7   246.5   166.7
 mTau    166.5   245.9   301.9   245.9   296.3   245.9   301.9   245.9   166.5
 mTau    166.2   245.4   301.2   245.4   295.5   245.4   301.2   245.4   166.2
 mTau    166.0   244.8   300.4   244.8   294.8   244.8   300.4   244.8   166.0
 mTau    165.7   244.3   299.6   244.3   294.0   244.3   299.6   244.3   165.7
 mTau    165.5   243.7   298.9   243.7   293.3   243.7   298.9   243.7   165.5
 mTau    165.2   243.2   298.1   243.2   292.6   243.2   298.1   243.2   165.2
 mTau    165.0   242.6   297.4   242.6   291.8   242.6   297.4   242.6   165.0
 mTau    164.7   242.1   296.6   242.1   291.1   242.1   296.6   242.1   164.7
 mTau    164.5   241.6   295.9   241.6   290.4   241.6   295.9   241.6   164.5
 mTau    164.2   241.0   295.1   241.0   289.7   241.0   295.1   241.0   164.2
 mTau    164.0   240.5   294.4   240.5   288.9   240.5   294.4   240.5   164.0
 mTau    163.7   239.9   293.7   239.9   288.2   239.9   293.7   239.9   163.7
 mTau    163.5   239.4   292.9   239.4   287.5   239.4   292.9   239.4   163.5
 mTau    163.3   238.9   292.2   238.9   286.8   238.9   292.2   238.9   163.3
 mTau    163.0   238.4   291.5   238.4   286.1   238.4   291.5   238.4   163.0
 mTau    162.8   237.8   290.7   237.8   285.4   237.8   290.7   237.8   162.8
 mTau    162.5   237.3   290.0   237.3   284.7   237.3   290.0   237.3   162.5
 mTau    162.3   236.8   289.3   236.8   284.0   236.8   289.3   236.8   162.3
 mTau    162.1   236.3   288.6   236.3   283.3   236.3   288.6   236.3   162.1
 mTau    161.8   235.8   287.9   235.8   282.6   235.8   287.9   235.8   161.8
 mTau    161.6   235.2   287.2   235.2   281.9   235.2   287.2   235.2   161.6
 mTau    161.4   234.7   286.5   234.7   281.2   234.7   286.5   234.7   161.4
 mTau    161.1   234.2   285.7   234.2   280.5   234.2   285.7   234.2   161.1
 mTau    160.9   233.7   285.0   233.7   279.8   233.7   285.0   233.7   160.9
 mTau    160.7   233.2   284.3   233.2   279.1   233.2   284.3   233.2   160.7
 mTau    160.4   232.7   283.6   232.7   278.5   232.7   283.6   232.7   160.4
 mTau    160.2   232.2   282.9   232.2   277.8   232.2   282.9   232.2   160.2
 mTau    160.0   231.7   282.3   231.7   277.1   231.7   282.3   231.7   160.0
 mTau    159.8   231.2   281.6   231.2   276.4   231.2   281.6   231.2   159.8
 mTau    159.5   230.7   280.9   230.7   275.8   230.7   280.9   230.7   159.5
 mTau    159.3   230.2   280.2   230.2   275.1   230.2   280.2   230.2   159.3
 mTau    159.1   229.7   279.5   229.7   274.4   229.7   279.5   229.7   159.1
 mTau    158.8   229.2   278.8   229.2   273.8   229.2   278.8   229.2   158.8
 mTau    158.6   228.7   278.1   228.7   273.1   228.7   278.1   228.7   158.6
 mTau    158.4   228.2   277.5   228.2   272.5   228.2   277.5   228.2   158.4
 mTau    158.2   227.7   276.8   227.7   271.8   227.7   276.8   227.7   158.2
 mTau    158.0   227.3   276.1   227.3   271.2   227.3   276.1   227.3   158.0
 mTau    157.7   226.8   275.5   226.8   270.5   226.8   275.5   226.8   157.7
 mTau    157.5   226.3   274.8   226.3   269.9   226.3   274.8   226.3   157.5
 mTau    157.3   225.8   274.1   225.8   269.2   225.8   274.1   225.8   157.3
 mTau    157.1   225.3   273.5   225.3   268.6   225.3   273.5   225.3   157.1
 mTau    156.9   224.9   272.8   224.9   267.9   224.9   272.8   224.9   156.9
 mTau    156.7   224.4   272.2   224.4   267.3   224.4   272.2   224.4   156.7
 mTau    156.4   223.9   271.5   223.9   266.7   223.9   271.5   223.9   156.4
 mTau    156.2   223.4   270.9   223.4   266.0   223.4   270.9   223.4   156.2
 mTau    156.0   223.0   270.2   223.0   265.4   223.0   270.2   223.0   156.0
 mTau    155.8   222.5   269.6   222.5   264.8   222.5   269.6   222.5   155.8
 mTau    155.6   222.0   268.9   222.0   264.1   222.0   268.9   222.0   155.6
 mTau    155.4   221.6   268.3   221.6   263.5   221.6   268.3   221.6   155.4
 mTau    155.2   221.1   267.6   221.1   262.9   221.1   267.6   221.1   155.2
 mTau    155.0   220.7   267.0   220.7   262.3   220.7   267.0   220.7   155.0
 mTau    154.7   220.2   266.4   220.2   261.7   220.2   266.4   220.2   154.7
 mTau    154.5   219.7   265.7   219.7   261.1   219.7   265.7   219.7   154.5
 mTau    154.3   219.3   265.1   219.3   260.4   219.3   265.1   219.3   154.3
 mTau    154.1   218.8   264.5   218.8   259.8   218.8   264.5   218.8   154.1
 mTau    153.9   218.4   263.9   218.4   259.2   218.4   263.9   218.4   153.9
 mTau    153.7   217.9   263.2   217.9   258.6   217.9   263.2   217.9   153.7
 mTau    153.5   217.5   262.6   217.5   258.0   217.5   262.6   217.5   153.5
 mTau    153.3   217.0   262.0   217.0   257.4   217.0   262.0   217.0   153.3
 mTau    153.1   216.6   261.4   216.6   256.8   216.6   261.4   216.6   153.1
 mTau    152.9   216.2   260.8   216.2   256.2   216.2   260.8   216.2   152.9
 mTau    152.7   215.7   260.2   215.7   255.6   215.7   260.2   215.7   152.7
 mTau    152.5   215.3   259.6   215.3   255.0   215.3   259.6   215.3   152.5
 mTau    152.3   214.8   259.0   214.8   254.5   214.8   259.0   214.8   152.3
 mTau    152.1   214.4   258.4   214.4   253.9   214.4   258.4   214.4   152.1
 mTau    151.9   214.0   257.8   214.0   253.3   214.0   257.8   214.0   151.9
 mTau    151.7   213.5   257.2   213.5   252.7   213.5   257.2   213.5   151.7
 mTau    151.5   213.1   256.6   213.1   252.1   213.1   256.6   213.1   151.5
 mTau    151.3   212.7   256.0   212.7   251.5   212.7   256.0   212.7   151.3
 mTau    151.1   212.3   255.4   212.3   251.0   212.3   255.4   212.3   151.1
 mTau    150.9   211.8   254.8   211.8   250.4   211.8   254.8   211.8   150.9
 mTau    150.7   211.4   254.2   211.4   249.8   211.4   254.2   211.4   150.7
 mTau    150.5   211.0   253.6   211.0   249.3   211.0   253.6   211.0   150.5
 mTau    150.3   210.6   253.0   210.6   248.7   210.6   253.0   210.6   150.3
 mTau    150.2   210.1   252.4   210.1   248.1   210.1   252.4   210.1   150.2
 mTau    150.0   209.7   251.9   209.7   247.6   209.7   251.9   209.7   150.0
 mTau    149.8   209.3   251.3   209.3   247.0   209.3   251.3   209.3   149.8
 mTau    149.6   208.9   250.7   208.9   246.4   208.9   250.7   208.9   149.6
 mTau    149.4   208.5   250.2   208.5   245.9   208.5   250.2   208.5   149.4
 mTau    149.2   208.1   249.6   208.1   245.3   208.1   249.6   208.1   149.2
 mTau    149.0   207.7   249.0   207.7   244.8   207.7   249.0   207.7   149.0
 mTau    148.8   207.2   248.4   207.2   244.2   207.2   248.4   207.2   148.8
 mTau    148.7   206.8   247.9   206.8   243.7   206.8   247.9   206.8   148.7
 mTau    148.5   206.4   247.3   206.4   243.1   206.4   247.3   206.4   148.5
 mTau    148.3   206.0   246.8   206.0   242.6   206.0   246.8   206.0   148.3
 mTau    148.1   205.6   246.2   205.6   242.1   205.6   246.2   205.6   148.1
 mTau    147.9   205.2   245.7   205.2   241.5   205.2   245.7   205.2   147.9
 mTau    147.7   204.8   245.1   204.8   241.0   204.8   245.1   204.8   147.7
 mTau    147.6   204.4   244.6   204.4   240.5   204.4   244.6   204.4   147.6
