 ********** Coordinates of the control points ************
 No=   0 X=    0.00 Y=    0.00
 No=   2 X=    0.05 Y=    0.00
 No=   4 X=    0.10 Y=    0.00
 No=  10 X=    0.00 Y=    0.05
 No=  12 X=    0.05 Y=    0.05
 No=  14 X=    0.10 Y=    0.05
 No=  20 X=    0.00 Y=    0.10
 No=  22 X=    0.05 Y=    0.10
 No=  24 X=    0.10 Y=    0.10
 **********************************************************
 mTau      0.0     0.0     0.0     0.0     0.0     0.0     0.0     0.0     0.0
 mTau     35.3     4.8   -11.5     4.8    -2.7     4.8   -11.5     4.8    35.3
 mTau     32.0     4.9   -12.0     2.4    -2.5     4.5   -13.7     4.5    32.4
 mTau     29.2     5.1   -12.3     0.3    -2.3     4.3   -15.6     4.2    29.9
 mTau     26.7     5.2   -12.5    -1.5    -2.1     4.2   -17.3     4.1    27.6
 mTau     24.5     5.2   -12.6    -3.0    -1.9     4.1   -18.7     4.0    25.7
 mTau     22.6     5.3   -12.6    -4.4    -1.6     4.1   -19.9     3.9    23.9
 mTau     20.9     5.4   -12.5    -5.5    -1.3     4.2   -21.0     3.9    22.3
 mTau     19.4     5.4   -12.4    -6.5    -1.0     4.3   -21.9     3.8    20.9
 mTau     18.1     5.5   -12.2    -7.4    -0.8     4.4   -22.7     3.9    19.6
 mTau     16.9     5.6   -12.0    -8.2    -0.5     4.5   -23.4     3.9    18.5
 mTau     15.9     5.6   -11.8    -8.8    -0.2     4.7   -24.0     3.9    17.4
 mTau     15.0     5.7   -11.5    -9.4     0.1     4.8   -24.6     4.0    16.5
 mTau     14.2     5.7   -11.3    -9.9     0.3     4.9   -25.0     4.0    15.6
 mTau     13.4     5.8   -11.0   -10.3     0.6     5.1   -25.4     4.0    14.8
 mTau     12.8     5.8   -10.7   -10.7     0.9     5.2   -25.8     4.1    14.1
 mTau     12.2     5.9   -10.4   -11.0     1.1     5.4   -26.1     4.1    13.4
 mTau     11.7     5.9   -10.2   -11.3     1.3     5.5   -26.3     4.2    12.8
 mTau     11.2     6.0    -9.9   -11.6     1.6     5.6   -26.5     4.2    12.2
 mTau     10.7     6.0    -9.6   -11.8     1.8     5.7   -26.7     4.3    11.6
 mTau     10.3     6.1    -9.3   -12.0     2.0     5.8   -26.9     4.3    11.1
 mTau     10.0     6.1    -9.1   -12.1     2.2     5.9   -27.0     4.3    10.7
 mTau      9.7     6.1    -8.8   -12.2     2.4     6.0   -27.1     4.4    10.2
 mTau      9.4     6.2    -8.5   -12.4     2.6     6.1   -27.2     4.4     9.8
 mTau      9.1     6.2    -8.3   -12.4     2.8     6.2   -27.2     4.4     9.4
 mTau      8.8     6.3    -8.0   -12.5     3.0     6.2   -27.3     4.4     9.1
 mTau      8.6     6.3    -7.8   -12.6     3.2     6.3   -27.3     4.4     8.7
 mTau      8.4     6.3    -7.6   -12.6     3.3     6.3   -27.3     4.5     8.4
 mTau      8.2     6.4    -7.4   -12.6     3.5     6.4   -27.3     4.5     8.1
 mTau      8.0     6.4    -7.2   -12.7     3.6     6.4   -27.3     4.5     7.8
 mTau      7.8     6.4    -7.0   -12.7     3.7     6.4   -27.3     4.5     7.5
 mTau      7.6     6.4    -6.8   -12.7     3.9     6.4   -27.3     4.5     7.3
 mTau      7.5     6.4    -6.6   -12.7     4.0     6.5   -27.2     4.5     7.0
 mTau      7.3     6.4    -6.4   -12.6     4.1     6.5   -27.2     4.5     6.8
 mTau      7.2     6.5    -6.2   -12.6     4.2     6.5   -27.1     4.5     6.6
 mTau      7.1     6.5    -6.0   -12.6     4.3     6.5   -27.1     4.5     6.4
 mTau      6.9     6.5    -5.9   -12.6     4.4     6.5   -27.0     4.5     6.2
 mTau      6.8     6.5    -5.7   -12.5     4.5     6.5   -26.9     4.4     6.0
 mTau      6.7     6.5    -5.6   -12.5     4.6     6.5   -26.8     4.4     5.8
 mTau      6.6     6.5    -5.4   -12.4     4.6     6.4   -26.7     4.4     5.6
 mTau      6.5     6.5    -5.3   -12.4     4.7     6.4   -26.6     4.4     5.5
 mTau      6.4     6.5    -5.2   -12.3     4.8     6.4   -26.6     4.4     5.3
 mTau      6.3     6.4    -5.1   -12.3     4.8     6.4   -26.5     4.4     5.2
 mTau      6.2     6.4    -4.9   -12.2     4.9     6.4   -26.3     4.4     5.0
 mTau      6.1     6.4    -4.8   -12.1     4.9     6.3   -26.2     4.4     4.9
 mTau      6.0     6.4    -4.7   -12.1     5.0     6.3   -26.1     4.3     4.8
 mTau      5.9     6.4    -4.6   -12.0     5.0     6.3   -26.0     4.3     4.7
 mTau      5.9     6.3    -4.5   -11.9     5.1     6.2   -25.9     4.3     4.5
 mTau      5.8     6.3    -4.4   -11.9     5.1     6.2   -25.8     4.3     4.4
 mTau      5.7     6.3    -4.3   -11.8     5.1     6.2   -25.7     4.3     4.3
 mTau      5.6     6.3    -4.2   -11.7     5.1     6.1   -25.5     4.3     4.2
 mTau      5.6     6.2    -4.2   -11.7     5.2     6.1   -25.4     4.3     4.1
 mTau      5.5     6.2    -4.1   -11.6     5.2     6.1   -25.3     4.2     4.0
 mTau      5.4     6.2    -4.0   -11.5     5.2     6.0   -25.2     4.2     4.0
 mTau      5.3     6.1    -3.9   -11.4     5.2     6.0   -25.0     4.2     3.9
 mTau      5.3     6.1    -3.9   -11.4     5.2     5.9   -24.9     4.2     3.8
 mTau      5.2     6.0    -3.8   -11.3     5.2     5.9   -24.8     4.2     3.7
 mTau      5.1     6.0    -3.7   -11.2     5.3     5.8   -24.6     4.2     3.6
 mTau      5.1     6.0    -3.7   -11.1     5.3     5.8   -24.5     4.2     3.6
 mTau      5.0     5.9    -3.6   -11.1     5.3     5.8   -24.4     4.1     3.5
 mTau      4.9     5.9    -3.5   -11.0     5.3     5.7   -24.2     4.1     3.4
 mTau      4.9     5.8    -3.5   -10.9     5.3     5.7   -24.1     4.1     3.4
 mTau      4.8     5.8    -3.4   -10.8     5.3     5.6   -24.0     4.1     3.3
 mTau      4.8     5.7    -3.4   -10.8     5.3     5.6   -23.8     4.1     3.3
 mTau      4.7     5.7    -3.3   -10.7     5.3     5.5   -23.7     4.1     3.2
 mTau      4.6     5.6    -3.3   -10.6     5.2     5.5   -23.6     4.1     3.2
 mTau      4.6     5.6    -3.3   -10.5     5.2     5.5   -23.4     4.0     3.1
 mTau      4.5     5.5    -3.2   -10.4     5.2     5.4   -23.3     4.0     3.1
 mTau      4.5     5.5    -3.2   -10.4     5.2     5.4   -23.1     4.0     3.0
 mTau      4.4     5.4    -3.1   -10.3     5.2     5.3   -23.0     4.0     3.0
 mTau      4.4     5.4    -3.1   -10.2     5.2     5.3   -22.9     4.0     2.9
 mTau      4.3     5.3    -3.1   -10.1     5.2     5.2   -22.7     4.0     2.9
 mTau      4.3     5.3    -3.0   -10.1     5.2     5.2   -22.6     4.0     2.9
 mTau      4.2     5.2    -3.0   -10.0     5.2     5.1   -22.5     4.0     2.8
 mTau      4.1     5.2    -3.0    -9.9     5.1     5.1   -22.3     3.9     2.8
 mTau      4.1     5.1    -2.9    -9.8     5.1     5.1   -22.2     3.9     2.8
 mTau      4.0     5.1    -2.9    -9.8     5.1     5.0   -22.1     3.9     2.7
 mTau      4.0     5.0    -2.9    -9.7     5.1     5.0   -21.9     3.9     2.7
 mTau      3.9     5.0    -2.9    -9.6     5.1     4.9   -21.8     3.9     2.7
 mTau      3.9     4.9    -2.8    -9.5     5.0     4.9   -21.7     3.9     2.6
 mTau      3.8     4.9    -2.8    -9.5     5.0     4.8   -21.5     3.9     2.6
 mTau      3.8     4.8    -2.8    -9.4     5.0     4.8   -21.4     3.9     2.6
 mTau      3.7     4.8    -2.8    -9.3     5.0     4.8   -21.3     3.8     2.5
 mTau      3.7     4.7    -2.7    -9.3     5.0     4.7   -21.1     3.8     2.5
 mTau      3.7     4.7    -2.7    -9.2     4.9     4.7   -21.0     3.8     2.5
 mTau      3.6     4.6    -2.7    -9.1     4.9     4.6   -20.9     3.8     2.5
 mTau      3.6     4.6    -2.7    -9.0     4.9     4.6   -20.7     3.8     2.4
 mTau      3.5     4.5    -2.6    -9.0     4.9     4.6   -20.6     3.8     2.4
 mTau      3.5     4.5    -2.6    -8.9     4.8     4.5   -20.5     3.8     2.4
 mTau      3.4     4.4    -2.6    -8.8     4.8     4.5   -20.3     3.8     2.4
 mTau      3.4     4.4    -2.6    -8.8     4.8     4.4   -20.2     3.8     2.4
 mTau      3.3     4.3    -2.6    -8.7     4.8     4.4   -20.1     3.7     2.3
 mTau      3.3     4.3    -2.6    -8.6     4.8     4.4   -19.9     3.7     2.3
 mTau      3.3     4.2    -2.5    -8.6     4.7     4.3   -19.8     3.7     2.3
 mTau      3.2     4.2    -2.5    -8.5     4.7     4.3   -19.7     3.7     2.3
 mTau      3.2     4.1    -2.5    -8.4     4.7     4.3   -19.6     3.7     2.3
 mTau      3.1     4.1    -2.5    -8.4     4.7     4.2   -19.4     3.7     2.2
 mTau      3.1     4.0    -2.5    -8.3     4.6     4.2   -19.3     3.7     2.2
 mTau      3.1     4.0    -2.5    -8.2     4.6     4.1   -19.2     3.7     2.2
 mTau      3.0     3.9    -2.4    -8.2     4.6     4.1   -19.1     3.6     2.2
 mTau      3.0     3.9    -2.4    -8.1     4.6     4.1   -19.0     3.6     2.2
 mTau      2.9     3.9    -2.4    -8.1     4.5     4.0   -18.8     3.6     2.2
 mTau      2.9     3.8    -2.4    -8.0     4.5     4.0   -18.7     3.6     2.1
 mTau      2.9     3.8    -2.4    -7.9     4.5     4.0   -18.6     3.6     2.1
 mTau      2.8     3.7    -2.4    -7.9     4.5     3.9   -18.5     3.6     2.1
 mTau      2.8     3.7    -2.4    -7.8     4.4     3.9   -18.4     3.6     2.1
 mTau      2.8     3.6    -2.3    -7.8     4.4     3.9   -18.2     3.6     2.1
 mTau      2.7     3.6    -2.3    -7.7     4.4     3.8   -18.1     3.6     2.1
 mTau      2.7     3.6    -2.3    -7.6     4.4     3.8   -18.0     3.5     2.1
 mTau      2.7     3.5    -2.3    -7.6     4.3     3.8   -17.9     3.5     2.0
 mTau      2.6     3.5    -2.3    -7.5     4.3     3.7   -17.8     3.5     2.0
 mTau      2.6     3.4    -2.3    -7.5     4.3     3.7   -17.7     3.5     2.0
 mTau      2.6     3.4    -2.3    -7.4     4.3     3.7   -17.5     3.5     2.0
 mTau      2.5     3.4    -2.3    -7.4     4.2     3.6   -17.4     3.5     2.0
 mTau      2.5     3.3    -2.2    -7.3     4.2     3.6   -17.3     3.5     2.0
 mTau      2.5     3.3    -2.2    -7.2     4.2     3.6   -17.2     3.5     2.0
 mTau      2.4     3.2    -2.2    -7.2     4.2     3.6   -17.1     3.4     1.9
 mTau      2.4     3.2    -2.2    -7.1     4.1     3.5   -17.0     3.4     1.9
 mTau      2.4     3.2    -2.2    -7.1     4.1     3.5   -16.9     3.4     1.9
 mTau      2.4     3.1    -2.2    -7.0     4.1     3.5   -16.8     3.4     1.9
 mTau      2.3     3.1    -2.2    -7.0     4.1     3.4   -16.7     3.4     1.9
 mTau      2.3     3.1    -2.2    -6.9     4.0     3.4   -16.5     3.4     1.9
 mTau      2.3     3.0    -2.2    -6.9     4.0     3.4   -16.4     3.4     1.9
 mTau      2.2     3.0    -2.1    -6.8     4.0     3.4   -16.3     3.4     1.9
 mTau      2.2     2.9    -2.1    -6.8     4.0     3.3   -16.2     3.3     1.9
 mTau      2.2     2.9    -2.1    -6.7     3.9     3.3   -16.1     3.3     1.8
 mTau      2.2     2.9    -2.1    -6.7     3.9     3.3   -16.0     3.3     1.8
 mTau      2.1     2.8    -2.1    -6.6     3.9     3.2   -15.9     3.3     1.8
 mTau      2.1     2.8    -2.1    -6.6     3.9     3.2   -15.8     3.3     1.8
 mTau      2.1     2.8    -2.1    -6.5     3.8     3.2   -15.7     3.3     1.8
 mTau      2.1     2.8    -2.1    -6.5     3.8     3.2   -15.6     3.3     1.8
 mTau      2.0     2.7    -2.1    -6.4     3.8     3.1   -15.5     3.3     1.8
 mTau      2.0     2.7    -2.1    -6.4     3.8     3.1   -15.4     3.2     1.8
 mTau      2.0     2.7    -2.0    -6.3     3.7     3.1   -15.3     3.2     1.8
 mTau      2.0     2.6    -2.0    -6.3     3.7     3.1   -15.2     3.2     1.8
 mTau      1.9     2.6    -2.0    -6.2     3.7     3.0   -15.1     3.2     1.7
 mTau      1.9     2.6    -2.0    -6.2     3.7     3.0   -15.0     3.2     1.7
 mTau      1.9     2.5    -2.0    -6.2     3.7     3.0   -14.9     3.2     1.7
 mTau      1.9     2.5    -2.0    -6.1     3.6     3.0   -14.8     3.2     1.7
 mTau      1.9     2.5    -2.0    -6.1     3.6     2.9   -14.7     3.1     1.7
 mTau      1.8     2.5    -2.0    -6.0     3.6     2.9   -14.6     3.1     1.7
 mTau      1.8     2.4    -2.0    -6.0     3.6     2.9   -14.5     3.1     1.7
 mTau      1.8     2.4    -2.0    -5.9     3.5     2.9   -14.4     3.1     1.7
 mTau      1.8     2.4    -1.9    -5.9     3.5     2.9   -14.4     3.1     1.7
 mTau      1.7     2.3    -1.9    -5.9     3.5     2.8   -14.3     3.1     1.7
 mTau      1.7     2.3    -1.9    -5.8     3.5     2.8   -14.2     3.1     1.6
 mTau      1.7     2.3    -1.9    -5.8     3.5     2.8   -14.1     3.1     1.6
 mTau      1.7     2.3    -1.9    -5.7     3.4     2.8   -14.0     3.0     1.6
 mTau      1.7     2.2    -1.9    -5.7     3.4     2.7   -13.9     3.0     1.6
 mTau      1.7     2.2    -1.9    -5.6     3.4     2.7   -13.8     3.0     1.6
 mTau      1.6     2.2    -1.9    -5.6     3.4     2.7   -13.7     3.0     1.6
 mTau      1.6     2.2    -1.9    -5.6     3.3     2.7   -13.6     3.0     1.6
 mTau      1.6     2.2    -1.9    -5.5     3.3     2.7   -13.5     3.0     1.6
 mTau      1.6     2.1    -1.9    -5.5     3.3     2.6   -13.5     3.0     1.6
 mTau      1.6     2.1    -1.8    -5.4     3.3     2.6   -13.4     2.9     1.6
 mTau      1.5     2.1    -1.8    -5.4     3.3     2.6   -13.3     2.9     1.6
 mTau      1.5     2.1    -1.8    -5.4     3.2     2.6   -13.2     2.9     1.5
 mTau      1.5     2.0    -1.8    -5.3     3.2     2.6   -13.1     2.9     1.5
 mTau      1.5     2.0    -1.8    -5.3     3.2     2.5   -13.0     2.9     1.5
 mTau      1.5     2.0    -1.8    -5.3     3.2     2.5   -12.9     2.9     1.5
 mTau      1.5     2.0    -1.8    -5.2     3.2     2.5   -12.9     2.9     1.5
 mTau      1.4     2.0    -1.8    -5.2     3.1     2.5   -12.8     2.8     1.5
 mTau      1.4     1.9    -1.8    -5.1     3.1     2.5   -12.7     2.8     1.5
 mTau      1.4     1.9    -1.8    -5.1     3.1     2.4   -12.6     2.8     1.5
 mTau      1.4     1.9    -1.8    -5.1     3.1     2.4   -12.5     2.8     1.5
 mTau      1.4     1.9    -1.7    -5.0     3.1     2.4   -12.5     2.8     1.5
 mTau      1.4     1.9    -1.7    -5.0     3.0     2.4   -12.4     2.8     1.5
 mTau      1.4     1.8    -1.7    -5.0     3.0     2.4   -12.3     2.8     1.5
 mTau      1.3     1.8    -1.7    -4.9     3.0     2.4   -12.2     2.8     1.4
 mTau      1.3     1.8    -1.7    -4.9     3.0     2.3   -12.1     2.7     1.4
 mTau      1.3     1.8    -1.7    -4.9     3.0     2.3   -12.1     2.7     1.4
 mTau      1.3     1.8    -1.7    -4.8     2.9     2.3   -12.0     2.7     1.4
 mTau      1.3     1.7    -1.7    -4.8     2.9     2.3   -11.9     2.7     1.4
 mTau      1.3     1.7    -1.7    -4.8     2.9     2.3   -11.8     2.7     1.4
 mTau      1.3     1.7    -1.7    -4.7     2.9     2.2   -11.8     2.7     1.4
 mTau      1.2     1.7    -1.7    -4.7     2.9     2.2   -11.7     2.7     1.4
 mTau      1.2     1.7    -1.7    -4.7     2.9     2.2   -11.6     2.6     1.4
 mTau      1.2     1.7    -1.6    -4.6     2.8     2.2   -11.5     2.6     1.4
 mTau      1.2     1.6    -1.6    -4.6     2.8     2.2   -11.5     2.6     1.4
 mTau      1.2     1.6    -1.6    -4.6     2.8     2.2   -11.4     2.6     1.4
 mTau      1.2     1.6    -1.6    -4.5     2.8     2.1   -11.3     2.6     1.4
 mTau      1.2     1.6    -1.6    -4.5     2.8     2.1   -11.2     2.6     1.3
 mTau      1.2     1.6    -1.6    -4.5     2.8     2.1   -11.2     2.6     1.3
 mTau      1.1     1.6    -1.6    -4.4     2.7     2.1   -11.1     2.6     1.3
 mTau      1.1     1.5    -1.6    -4.4     2.7     2.1   -11.0     2.5     1.3
 mTau      1.1     1.5    -1.6    -4.4     2.7     2.1   -11.0     2.5     1.3
 mTau      1.1     1.5    -1.6    -4.4     2.7     2.1   -10.9     2.5     1.3
 mTau      1.1     1.5    -1.6    -4.3     2.7     2.0   -10.8     2.5     1.3
 mTau      1.1     1.5    -1.5    -4.3     2.7     2.0   -10.8     2.5     1.3
 mTau      1.1     1.5    -1.5    -4.3     2.6     2.0   -10.7     2.5     1.3
 mTau      1.1     1.5    -1.5    -4.2     2.6     2.0   -10.6     2.5     1.3
 mTau      1.1     1.4    -1.5    -4.2     2.6     2.0   -10.6     2.5     1.3
 mTau      1.0     1.4    -1.5    -4.2     2.6     2.0   -10.5     2.4     1.3
 mTau      1.0     1.4    -1.5    -4.2     2.6     2.0   -10.4     2.4     1.3
 mTau      1.0     1.4    -1.5    -4.1     2.6     1.9   -10.4     2.4     1.3
